1.0 -1.8754993668226553e-17 -1.932206716912282e-18 0.0 -2.2506111217342655e-17 1.0 -3.061635640389972e-18 6.750155989720952e-14 -5.898360402579379e-19 2.7556969791633965e-18 1.0000000000000002 -1.7763568394002505e-15
0.9999782938563883 -0.005887357283886325 0.002958181920873038 4.492932330232179 0.005878200701919419 0.9999779349851076 0.0030945596498932883 -0.009610968815213283 -0.002976335426840127 -0.0030771036918934395 0.9999908363881616 0.04794095700240497
0.9999250601405623 -0.012020390525852461 -0.002320412570200914 9.30643013273152 0.012023766408824675 0.9999266657420728 0.0014464367543459084 0.012981589218853173 0.002302855669808809 -0.0014742284572950566 0.9999962617461213 0.10000300473045698
0.9997074288172118 -0.02371089619539918 0.004780185068199678 13.479192676423281 0.023717142450939557 0.9997179222022515 -0.0012542653510525807 0.08256219164038114 -0.004749096928582528 0.0013672707193596414 0.9999877882500061 0.14619988854772537
0.9995972632165122 -0.028354845185097035 0.0011463527315730194 17.553373506686285 0.028357610161166294 0.9995947847132367 -0.0024723106687382997 0.1790189988566233 -0.0010757862256606284 0.002503822802160929 0.9999962867707907 0.19191286168180888
0.9993872035717506 -0.03479891939282162 0.0037752544453539217 21.04483176478152 0.03480214508361048 0.9993939079575772 -0.000792107858808587 0.25800258971486656 -0.003745401796147381 0.0009230094108766674 0.9999925599818291 0.23100926664147003
0.9991019485078294 -0.042344676845888135 -0.001491586629505628 24.76097893529959 0.0423484920642771 0.9990994478067047 0.002626520934124765 0.38648882634537074 0.0013790241977104604 -0.0026873286276234694 0.999995438268149 0.27356784247080057
0.998888163642844 -0.047055569315148975 0.0028652976549169117 28.747843768209805 0.04703666485234215 0.9988730313082891 0.006341883360322765 0.5401490510336622 -0.0031604894862176515 -0.006200058178333397 0.9999757849992122 0.3195636133280857
0.9983905819142156 -0.05667616664749316 -0.0020144674573889265 32.221737460018176 0.05667893915883107 0.9983915483052647 0.0013468958548220392 0.7097276413060492 0.0019348903898683846 -0.0014589060147284184 0.9999970638918982 0.36040152246597046
0.9978823971017264 -0.06504027238144545 -0.0006960769026644956 35.59797782939722 0.06503825763167316 0.9978793698212313 -0.002605442268358175 0.8889480397159666 0.0008640594557861007 0.002554653347332464 0.9999963635671517 0.40039836722185207
0.9971525283201347 -0.07540111294383557 -0.001227775057711448 38.486483957756946 0.0753948894048748 0.9971435786870912 -0.00450490118938054 1.074258657654994 0.0015639425782504408 0.0043995056461329715 0.999989099157426 0.4352984406166005
0.9951431860693619 -0.0983184889611887 0.004849118281329765 41.622474071655006 0.09831993277557023 0.9951548559175099 -5.9689244666442424e-05 1.3197241589195308 -0.00481975504824085 0.0005361643285525686 0.9999882411754082 0.4741318524798537
0.9907729120714686 -0.13552270747583323 -0.0016224869300154791 44.5922683635431 0.1355322094807062 0.9907214505034112 0.010100876481353147 1.6460043076481234 0.0002385344760958154 -0.010227574044383049 0.999947668545943 0.5129057284740277
0.9833696368573511 -0.18160487357414967 0.0019563233775051615 47.42776314542675 0.18150084667363828 0.9830748508812083 0.024925493408189586 2.088307741571697 -0.006449803391783886 -0.024155899051917083 0.9996873974284164 0.5527118288399642
0.9676050971712158 -0.2517930572221873 -0.018456225588816728 50.42201683600206 0.2521366559997019 0.9674947588434717 0.019519178048772273 2.7222298648920003 0.012941508009848371 -0.02354034717492495 0.9996391195953239 0.5983007533844376
0.941299370520147 -0.3370335129001206 -0.01907632670549954 52.890239648959096 0.33731937926893907 0.9412791645154617 0.014462738976000538 3.4629159474693374 0.013081721140137661 -0.020048581777137146 0.9997134204064348 0.6405269313519462
0.9049939844021485 -0.42460787446000514 -0.026344660606576396 55.18637102370417 0.425032155875163 0.9050828293855474 0.0131429990321336 4.398423528935755 0.018263479077938023 -0.023091662954496876 0.9995665162629056 0.6850588060170892
0.8600238016474723 -0.5094465851594628 -0.028692115104833285 57.256271254119156 0.5098568200865201 0.8602128184139437 0.008940360596713687 5.489890089030059 0.020126689024495947 -0.022317793477391705 0.9995483142315882 0.7304884301070604
0.8076288808004399 -0.5888950988899069 -0.030629289911311006 59.14332467293093 0.5893330351535098 0.8078587555245565 0.0071277485268829216 6.720829819650207 0.0205466438567515 -0.02380742795342319 0.9995053985849511 0.7769295476006572
0.7447025706567098 -0.6663233356669124 -0.03783244114517906 60.7701712133055 0.6670670076339642 0.7449190651159967 0.010825606355977025 8.038989075258591 0.020968752551191253 -0.03329863018841644 0.9992254563630864 0.8224401464710205
0.6671931069533422 -0.7437089452263488 -0.04183733768123647 62.28825491683733 0.7445321544501747 0.6675526023622804 0.0067375120871684055 9.555448351795256 0.02291787563722115 -0.03564446478284413 0.9991017180981212 0.8710091575095014
0.5786446860380674 -0.8139554861179011 -0.05144700125832135 63.692781113819365 0.815335405733361 0.5788632615228645 0.012062363645806037 11.295315206766851 0.0199625518789099 -0.04892638426942271 0.9986028767457056 0.9231200065737415
0.4958651854619146 -0.8666725988441523 -0.05473869069991507 64.72882543298647 0.8680815268649433 0.49640355789690194 0.004239153585672177 12.910011831829339 0.023498522563061914 -0.0496196948803311 0.9984917151971433 0.96861605658904
0.4076015271973815 -0.9111254673796744 -0.06092107778535367 65.67698982454885 0.912870165253953 0.4082448423630678 0.0020518462835821803 14.760035383733502 0.023001226392949877 -0.056449370024127185 0.9981404771916108 1.0181829909494287
0.31701699260660005 -0.9462933245850644 -0.06347574532378315 66.49251892667712 0.9482187358189237 0.31761735728836205 0.0006658762020937164 16.806693844549454 0.019530884276607784 -0.06039998505711776 0.9979831593591502 1.0705170555839931
0.24702670280965563 -0.9662422966125453 -0.07316852011555182 67.02962474087985 0.9687515217481218 0.2479955653706939 -0.00432303911205614 18.581240856469506 0.022322571753372284 -0.06981420910803061 0.9973102220457443 1.1140714477246423
0.1840052124162306 -0.9802607927398821 -0.07232468472541866 67.46055550632764 0.9826645519538644 0.18515237701216514 -0.009432688908879069 20.488656372590132 0.022637582401053232 -0.06933523998457368 0.997336535157172 1.1593182548056102
0.1412081593571413 -0.9876704401121318 -0.06758222739501608 67.70883335645681 0.9897260885868483 0.14238843696898482 -0.012953863829123157 21.958849955633102 0.022417076114921584 -0.06505870230978283 0.997629610603164 1.1932947072309066
0.10601445418041792 -0.9921589715955694 -0.06619297989401006 67.88381993120834 0.9941146169786423 0.1072452524925331 -0.015316139435874641 23.30841827107556 0.02229492799347801 -0.0641796766915634 0.9976892829360908 1.2239163947645277
0.09040070792009386 -0.9937297811246112 -0.06579387595798068 67.9860279591619 0.9956753074853862 0.0916026309455765 -0.015480312261898097 24.336180155781992 0.021410139453614616 -0.06410990648781822 0.9977131480634582 1.246903541289777
0.08369974274624682 -0.9946319808005791 -0.06084057719094012 68.09836495917693 0.9963178581106075 0.08466724219887377 -0.01349754452955619 25.564617307739283 0.018576293335921115 -0.059486812548260715 0.9980562311106246 1.2742737231425831
0.08137783012553938 -0.9949597232968531 -0.05859008261733672 68.19961072258343 0.9965966293117529 0.08200537144688576 -0.008383167558237573 26.74145505254916 0.013145615562233644 -0.057708474862066754 0.9982469257255855 1.3004259567379126
0.08109415148793839 -0.9951052714287989 -0.05647333325619221 68.29721264053637 0.9966903670211482 0.08128440222679992 -0.0010762164643207917 27.899807983372906 0.0056613498123285295 -0.05619915238903046 0.998403527832837 1.3261454065626221
0.079640921054817 -0.995090936738091 -0.05874820265545878 68.39570926268811 0.9968061623460759 0.07984986573478288 -0.0012139402884389983 29.066944323343964 0.005899017072965068 -0.05846389111104063 0.998272094688481 1.3520615354111065
0.07081595029482514 -0.9957376311429165 -0.059090363932972685 68.4840224584459 0.9974667029639707 0.07108959177393621 -0.0025389800311046745 30.187329098663966 0.006728867811459685 -0.058760870205481215 0.9982494089508234 1.3768727057139731
0.04317958460198896 -0.9973509593805847 -0.05853705916958188 68.55723310724215 0.9990528142137954 0.04342058626301372 -0.0028508069153398022 31.318750992396247 0.005384968439278931 -0.058358517040785485 0.9982811656060155 1.4017571358451484
-0.006645896751850296 -0.9981932069984683 -0.05971728023338845 68.58517025409628 0.9999381976293897 -0.006101517155344633 -0.009293675811381043 32.546830772556 0.008912518053152003 -0.05977535437379135 0.9981720663449948 1.4282152876783307
-0.07932748822988146 -0.9949586346998669 -0.061355234881070864 68.52764845368051 0.9967885891766568 -0.07849691512081922 -0.015834860394764238 33.977047924983154 0.010938834414360292 -0.062414337717292614 0.9979903768819436 1.4580633108298908
-0.14379808490299173 -0.9882977981092063 -0.05088784757408991 68.41373849792262 0.9894993345692238 -0.1428335276437849 -0.022128042568049077 35.001349046164336 0.01460060496326322 -0.05353546145615946 0.9984592013204048 1.4786608490874045
