1.0 4.699731138736139e-19 -1.9213100894790385e-19 -2.2737367544323206e-13 3.2968600936203787e-18 1.0000000000000002 3.1677791248208344e-18 0.0 2.4681872375709735e-19 9.450667513053739e-19 1.0 3.552713678800501e-15
0.9999784529110822 -0.0010581021118103268 -0.006478744745363911 4.232480766723938 0.0010463922370807577 0.9999978134789678 -0.0018105525583523643 -0.015417512420754065 0.00648064632893781 0.0018037342380078385 0.9999773736270006 0.00991512533404304
0.9999767845240961 -0.001042495379584142 -0.006733766868082866 8.32437788787388 0.0010668692817687052 0.9999928892499148 0.0036170761043138222 -0.044196145505907225 0.00672994820082318 -0.0036241761811928144 0.9999707861453866 0.01910211034446263
0.9999927489315559 -0.00261239462954001 -0.002770826340149205 12.14134579251754 0.0026166347851347177 0.9999954095662172 0.0015277659808573625 -0.06013947866529179 0.0027668224932107842 -0.0015350051435068632 0.9999949942137198 0.027985218586586313
0.9999858182000072 -0.0053202629081702596 0.00024124976507648667 16.447318237767377 0.005319942614985321 0.9999849917329428 0.0013093965933430557 -0.08311155649380453 -0.0002482124784632331 -0.0013080945888363721 0.9999991136391627 0.037863036501164515
0.9999637254311314 -0.008455539853655696 -0.0010255084963998317 19.87464889744274 0.00845800142325701 0.9999613015796576 0.002420238633207079 -0.09016090425404855 0.0010050043866225336 -0.0024288245924162077 0.999996545382674 0.04604823968999838
0.9999370086695937 -0.010515496849609769 -0.003924667999814312 23.285044895141937 0.010513839293161789 0.9999446300508396 -0.00044273672240519865 -0.08354081759830478 0.0039291062877563525 0.00040144550520098305 0.9999922004522254 0.05458494511353251
0.9998899638801351 -0.013405705921558245 -0.006351943051050105 27.62208155210942 0.013359232250455122 0.9998840900250245 -0.007303247805216453 -0.08427758286643439 0.0064491119898390185 0.007217587101704933 0.9999531565983322 0.06517797309111728
0.999837856441478 -0.0174806989673773 -0.0043227294757438185 31.832763756425265 0.01745435714362569 0.999829307045619 -0.006058233189504346 -0.06783563742089882 0.004427893766938517 0.005981800421911743 0.9999723055267578 0.07595559485594094
0.9998005712498303 -0.019725486650888854 -0.003118157292468576 35.57543926895073 0.019705289864026816 0.9997854733113615 -0.0063803531997608616 -0.035477996822805835 0.0032433439363798045 0.006317636580606868 0.9999747837761448 0.08604536373938032
0.9996967616719628 -0.024476429472123282 -0.002699833862606172 39.829442873451626 0.02447862138498718 0.9997000479325134 0.0007818304291032211 0.02225402578756075 0.0026798876245001098 -0.0008476815590761896 0.9999960498113447 0.0981159491061625
0.9996363019125257 -0.026574570110188014 0.0045886950333405225 44.16281701038679 0.026577582899307353 0.9996465754852711 -0.000596831468333041 0.10960905169872603 -0.004571212736325941 0.0007185708245177166 0.9999892937777335 0.11123233613720629
0.9998002179909735 -0.019748299125640377 0.0030868733123755416 48.40891989168449 0.01977854390860422 0.9997534163948016 -0.010095326036271035 0.1749828737719099 -0.002886746621690239 0.01015436303110285 0.9999442762501194 0.12350326001880418
0.9999036228936735 -0.010575085772649224 0.008995136742052618 52.66630030835495 0.010708190712006474 0.9998319418527075 -0.014880278986654182 0.1901063681306141 -0.008836264809432283 0.014975166508138592 0.9998488209785878 0.1343572674985083
0.9999869233072541 -0.0015213245438814775 0.0048824979386976105 56.82851689731683 0.0015968335897131535 0.9998786113659786 -0.015498795286315942 0.1698022787336413 -0.004858326561272558 0.015506389150042295 0.9998679655627283 0.14395996090336283
0.9999630432436218 0.006985781709173298 0.005011087792839956 60.81181582165755 -0.0068781427229476595 0.9997519118630152 -0.02118503903536753 0.1271208325556472 -0.005157838659606552 0.02114978912800465 0.9997630134787961 0.15248151317708292
0.9998397532529717 0.012427502177043356 -0.012885069059823062 64.78870280063961 -0.012565776321041893 0.9998637267234075 -0.010706504949273747 0.0471741334000626 0.012750258055677532 0.0108667001623705 0.9998596630263143 0.1599161311028645
0.9999393708111077 0.010924722623671303 0.0013802671777006627 68.88496070982796 -0.010918634174619909 0.9999309534022937 -0.0043441749206449935 -0.012609299929067674 -0.0014276307809848725 0.004328840904466604 0.9999896114494276 0.16822251183944914
0.999919085472215 0.011964276281023502 -0.004321874764550081 73.11431899088916 -0.01199504557666974 0.9999023854388477 -0.007165087251098257 -0.08590561378969142 0.0042357278031918055 0.007216348576224241 0.9999649908487814 0.17646618779967937
0.999959770531002 0.008916758751292813 -0.0009740292372967996 77.5298019725908 -0.0089242311082675 0.9999285163716061 -0.007957401963159534 -0.1706079713184181 0.000903005376560199 0.007965774303123807 0.9999678649941905 0.18483749158382423
0.9999552414802643 -0.005273224674333506 0.0078554527356114 82.1121455671107 0.005300907333694594 0.99997979919009 -0.003507362711244745 -0.22000908519169116 -0.007836798937513151 0.003548846753897313 0.9999629944498604 0.19463194409571472
0.9998596260924443 -0.016645349231543392 -0.0019132326671804113 85.73999892924303 0.016635750920377237 0.9998494731244496 -0.004927766641993683 -0.19972562496593582 0.001994969070932352 0.004895246850030683 0.9999860282307373 0.20409361472665566
0.9995771246636622 -0.027007263684905736 0.01077866213301094 88.96533541965323 0.02709049258212887 0.9996036991777514 -0.007651784224066149 -0.16140214686436138 -0.01056773678614554 0.00794054773979843 0.9999126315037774 0.21308877503920343
0.9993905274680092 -0.03462148176293065 -0.004463922910624271 92.07130246506244 0.03462340758116694 0.999400367087898 0.0003548408684816971 -0.08829922859501949 0.004448961078873096 -0.0005091808250645742 0.9999899736898389 0.22279158156771928
0.9990657655450236 -0.038526713303697266 -0.01957775467076337 95.27428294990773 0.03861227682369694 0.9992462168570216 0.004011256089844274 0.020257223486851217 0.019408456775954062 -0.004763450319131352 0.9998002907314195 0.23375097477246598
0.9995427939192618 -0.030188560268656604 -0.0016893646676310826 98.69555670506634 0.030192211639408977 0.9995417354724911 0.002179312956003868 0.11675572073170315 0.0016228001712132953 -0.002229322216449801 0.9999961983138025 0.24489798315455502
0.9997730285097323 -0.01831477891800061 -0.010883948624534318 102.51334556205643 0.01845469673852138 0.9997465119660762 0.012897130686820538 0.19441711990464228 0.01064498157659048 -0.013095063377031793 0.9998575917011304 0.25647390028613515
0.9999753382436485 -0.0041303917827384675 -0.00568003241391486 106.58560568846383 0.004207760817115743 0.9998976062206546 0.013677420192129055 0.23192400246659872 0.00562295770995856 -0.013700983100755964 0.9998903266902155 0.267518297291101
0.9999939838139167 0.003087593044701188 0.0015808558316955114 110.82174105972149 -0.003098042800514776 0.9999730829960485 0.006650970920298962 0.21734707414464083 -0.0015602777882388185 -0.006655828465848297 0.9999766324673066 0.27746653046108705
0.9999792277257135 0.0023345963164912516 0.006007809677675708 115.12532674213412 -0.0023414237511898885 0.9999966208137492 0.0011296441468928303 0.19456975849720948 -0.006005152113103569 -0.0011436875098867027 0.9999813148889215 0.2873441058662216
0.9999832970268846 0.003127246191049852 0.004860658237345309 119.37530895694272 -0.00307207409592636 0.9999312408459554 -0.011317064151784267 0.15265158356328357 -0.004895715268359347 0.011301942820905908 0.9999241461533381 0.29654026437832925
0.9999940893171761 0.0032734610807807116 0.0010515622965964453 123.54880024415638 -0.003268758335727994 0.9999847866340537 -0.00444316546937762 0.1114997153213153 -0.0010660908280338886 0.004439701904213266 0.9999895761943458 0.30557125207655034
0.9999877189711044 0.004707078176664098 0.0015509100562116167 127.72373370690161 -0.004700222298039879 0.9999792960195508 -0.004394933741149867 0.05767771588239157 -0.0015715652429009888 0.004387590144813149 0.9999891395587278 0.3142415485209824
0.9999817000732869 0.00473214788517404 0.0037691238942309923 132.01640204401315 -0.004710191558338489 0.999972010928832 -0.0058130417536752035 0.004462795539438957 -0.0037965265731951608 0.0057951820798882 0.9999760008373392 0.3232174336853255
0.9999823600226776 0.0011283055920897635 0.005831515237592069 136.4689391002796 -0.001097425299384567 0.9999853744184406 -0.005295904731250958 -0.027878792018896092 -0.005837405347213794 0.005289411659256123 0.9999689729302156 0.3331846054308265
0.9999965834916337 -0.0012063183495094369 0.002319008645340238 140.4329244025016 0.001219253671494868 0.9999836623873615 -0.005584655660080206 -0.04089579758101536 -0.002312233885676841 0.005587464039862491 0.9999817167428906 0.3425116367720058
0.9999662665573299 -0.005344523689642341 0.006237131867041595 144.84650617565012 0.005316375276218419 0.9999756483990552 0.004520924995251494 -0.06650974626893458 -0.006261142173631542 -0.004487613555234893 0.9999703292714546 0.3525768671042151
0.9998875076430804 -0.009702956524169378 0.01143786230015054 149.62246364574662 0.009644647468884689 0.9999402680988703 0.0051420822201704115 -0.0722270869867998 -0.011487072495116518 -0.005031189625539395 0.9999213640564152 0.3641009103041313
0.9998518179994529 -0.017148164989898237 0.001510788094856765 154.01937276823332 0.017147865582239758 0.9998529422981212 0.00021091174321675476 -0.004173963577272843 -0.0015141826712024966 -0.00018497369871884573 0.9999988365171074 0.37681792875938314
0.9997716531004892 -0.02096380829453492 -0.004142511135108342 158.4676353102543 0.020933349792078733 0.9997544837254528 -0.007264099210202064 0.05882587109147153 0.004293777264482338 0.007175723841060881 0.9999650356208257 0.3895153626450565
0.9998159701721802 -0.017317605866037998 0.008253866713978548 162.91364673973544 0.01740700444208482 0.9997892318628481 -0.010885221515951553 0.09157030228948315 -0.008063621085889169 0.011026893405064792 0.9999066884648876 0.4013375531466714
