0.9999999999999999 8.327621183364217e-17 5.148794429697131e-18 0.0 1.7934455320714832e-17 0.9999999999999999 3.507613395871388e-18 3.552713678800501e-14 -1.7989900135195087e-18 3.816644391777369e-20 0.9999999999999999 0.0
0.9999999919824083 -0.00011342146193648873 5.630946575311894e-05 0.0003356696179253049 0.00011341986165022031 0.9999999931640664 2.842186946945369e-05 -0.0004501283620257368 -5.6312689018165276e-05 -2.8415482629759696e-05 0.9999999980107208 1.191131283917457e-05
0.9999999924144752 -9.369393582450888e-05 7.995308256794328e-05 0.00038734973418286245 9.369087633277702e-05 0.9999999948787524 3.8268977462334414e-05 -0.000836855956798388 -7.99566677296019e-05 -3.82614862976752e-05 0.9999999960714946 1.0411280356947827e-05
0.9999999957093296 -9.25633090732625e-05 -3.657297800539089e-06 0.0002928824878836167 9.256322482152797e-05 0.9999999954508322 -2.3030115667359918e-05 -0.0011699909062485858 3.659429527640358e-06 2.302977703727334e-05 0.9999999997281193 2.2296660944221003e-06
0.9999999977381301 -5.247565788743823e-05 -4.207191089319935e-05 0.0002791810618418822 5.247447125379775e-05 0.9999999982254402 -2.8205501149338054e-05 -0.001456280951074973 4.207339092077983e-05 2.8203293384260395e-05 0.9999999987172021 -1.4564083272716744e-06
0.9999999964128597 -4.354181743746886e-05 -7.26525359967659e-05 0.00016230039886977465 4.353838731709538e-05 0.9999999979376432 -4.721358733145869e-05 -0.0017028949230706303 7.265459161234406e-05 4.7210423987848225e-05 0.9999999962462431 -9.840317815701383e-06
0.999999997253389 -5.663489872060153e-05 -4.780910079027942e-05 0.00017832973185250012 5.6632013421853624e-05 0.9999999965753698 -6.034960861685234e-05 -0.0019148463510916258 4.781251852052778e-05 6.034690092545819e-05 0.999999997036107 -1.127187329075241e-05
0.9999999940143781 -5.4643457198421895e-06 -0.00010927664871466726 0.00015155521828091878 5.446160753103682e-06 0.9999999861387268 -0.00016641179948155994 -0.0020976515909794102 0.00010927755653155472 0.00016641120334728938 0.9999999801828638 -1.4519075804741988e-05
0.9999999944269877 8.525516886255225e-06 -0.00010522994522414364 -8.42860458760697e-06 -8.547691161352112e-06 0.9999999777612827 -0.00021072344999875146 -0.002254688169671226 0.00010522814635763097 0.0002107243482974633 0.9999999722611433 -2.4098761059576645e-05
0.9999995090520848 0.0007145238883911194 -0.00068655021831822 -0.0007476122727894108 -0.0007144507684907153 0.9999997390830132 0.0001067427044367548 -0.0023899080468936518 0.0006866263093978408 -0.00010625214570056314 0.9999997586273671 -6.216000373626684e-05
0.9999884726518439 0.004680841631663545 -0.0010697126018795503 -0.009383141252101268 -0.004681365128048347 0.9999889235687438 -0.0004874016430975458 -0.0024956833719755878 0.0010674193033791098 0.0004924037399205885 0.9999993090770544 -0.0004913305775602339
0.9999591455119707 0.009037489467190771 0.00017632668783546023 0.04680099454071751 -0.009037318505377345 0.9999587137945665 -0.0009474072775178795 -0.0038697629596882166 -0.0001848815912673098 0.0009457750512396317 0.9999995356640674 0.002279261968993751
0.9999705173850189 0.007644648776264205 -0.0007236752210119122 0.06574681329379928 -0.007644659945456282 0.9999707790799754 -1.2669076519263202e-05 -0.006642586115226834 0.0007235572239158557 1.820095397734877e-05 0.9999997380668001 0.0031892754831517323
0.9999718453812297 0.007474682905553046 -0.0006614834245617376 0.06554052590945503 -0.007474724073687695 0.9999720620725806 -5.978574084900293e-05 -0.008906970445124784 0.0006610180646307107 6.472846368217505e-05 0.9999997794326484 0.0031552671051713332
0.9999715714995536 0.007501833545544066 -0.0007607142487150247 0.0651594213570661 -0.007501857588048991 0.9999718602569688 -2.875667391820164e-05 -0.010846356809288693 0.0007604771146304852 3.4462626368151834e-05 0.9999997102434007 0.0031160065612851895
0.9999707771702593 0.007602632946263668 -0.0008029805680361869 0.06491881835722779 -0.007602612791979437 0.9999710993255665 2.814878044602333e-05 -0.012520336323596837 0.0008031713662018361 -2.204320752073438e-05 0.9999996772148747 0.0030864981859650698
0.9999607959769671 0.008728745588540103 -0.0014884587875749712 0.06350172221846151 -0.008728606349806245 0.9999618999881758 0.00010001614371701949 -0.013958479717558703 0.0014892750927508278 -8.70200518571627e-05 0.9999988872429857 0.0030011485135332805
0.9998565031562773 0.016856342876900222 -0.0016842805343584102 0.06745882901986988 -0.016857074841096227 0.9998578206436235 -0.0004213378522847165 -0.015391989043031629 0.0016769388491309548 0.00044966943465385683 0.9999984928356122 0.00318224454031224
0.9996145672354134 0.027759330287342635 -0.00036953045517179324 0.18347829193453435 -0.027759859575169472 0.999613474512357 -0.0015138592082215088 -0.018690613360227815 0.0003273639044628637 0.0015235338308260055 0.999998785838034 0.008898636156970952
0.9996520797207237 0.02636506944345592 -0.0007762881382281014 0.22284169044496593 -0.026365734456421465 0.9996519943051705 -0.0008592603033549443 -0.019683541577997232 0.0007533635279672132 0.0008794287561844238 0.9999993295240038 0.010839434907538248
0.9996079129545695 0.02792728280395567 -0.00202169082679123 0.2186982500850263 -0.02792810539796244 0.9996098622376 -0.00037979758813444823 -0.019506059330801406 0.002010295374203712 0.00043611066891298156 0.9999978842577587 0.010635910367952306
0.9992732539063737 0.03798843197197177 -0.0031373657232499816 0.2206590786220204 -0.037989196917654545 0.9992781328807492 -0.00018456413008044098 -0.019504341505879097 0.003128089660193278 0.00030361600308312993 0.9999950614240065 0.010733125873727545
0.9968794660760626 0.07891066677921423 -0.002106367576044566 0.44296197854600905 -0.07892086764312811 0.9968667785070161 -0.005303070761433821 -0.032310390833913516 0.001681299010121091 0.005452758705898517 0.9999837201955513 0.02161808736271098
0.9929077641397895 0.11888001480857739 -0.001309194423313556 0.762396911604128 -0.11888720408173385 0.992853690857865 -0.010362492728327963 -0.06382667260468367 6.794522624000363e-05 0.010444645950386083 0.9999454508894065 0.03712133044179211
0.9907131481983382 0.13596491700646246 -0.00099966512533358 0.9870390903545285 -0.13596637145401705 0.9906281753966022 -0.012998613157814157 -0.09322242152281746 -0.0007770589200844905 0.013013817803551138 0.9999150147515588 0.04794800763443163
0.9909644460639678 0.1341090876979529 -0.002054077397937958 1.0296093746705992 -0.1341238014525925 0.9909003312812096 -0.01128447387762438 -0.09970271282018928 0.000522035477214379 0.01145801307435264 0.9999342185440744 0.04999013669602448
0.9907687189620884 0.13553296519915323 -0.002856723743712334 1.0198891975330753 -0.13555653570321616 0.9907078515141607 -0.011062485088754076 -0.09869714374446659 0.0013308472359524787 0.011347611754080843 0.9999347281463494 0.049518872994283925
0.9906312511924498 0.13653419658843965 -0.002852599310971172 1.014723717634297 -0.13655773104792723 0.9905697275164539 -0.011117599516904584 -0.09807622510711411 0.0013077660041497568 0.011402986009182867 0.9999341286595586 0.049269343781702446
0.9905680111793381 0.13699031545708487 -0.0029442654737844415 1.0123992898202232 -0.13701496829578766 0.9905057686754783 -0.011190204801746121 -0.0977886226983884 0.0013833622504749574 0.011488067355700083 0.999933053067712 0.049157143535822456
0.9905308791520177 0.13725605512411485 -0.0030582312039749058 1.0111787933669802 -0.13728205721129438 0.9904683626980008 -0.011227611597156264 -0.0976388631024605 0.0014880235770615455 0.01154113625721803 0.9999322916876553 0.04909821695196115
0.9905087128985365 0.13741579182892932 -0.0030642826423177704 1.010571859610991 -0.13744183622336334 0.9904463361442102 -0.011215920562302542 -0.09756929077647669 0.0014937629108347636 0.011530627673206058 0.9999324043643286 0.049068862212664044
0.9905101200875565 0.13740561644642327 -0.0030657092350888137 1.0104014686455685 -0.1374316861854778 0.9904476820505447 -0.011221441659626621 -0.0975580388910231 0.001494535497076097 0.011536277115364918 0.9999323380479133 0.04906053418105216
0.9905016847547776 0.13746668663405354 -0.0030532873760160018 1.0102346904623118 -0.13749261994977222 0.9904391431201899 -0.011228679115996596 -0.09754543241540858 0.0014805260190479317 0.011541830062753427 0.9999322948087574 0.04905239946079121
0.9904964178652296 0.13750658140868907 -0.002964163532024633 1.0100410425743576 -0.1375314963430006 0.9904336456378974 -0.011237486466263586 -0.09752748594478788 0.0013905789456877557 0.011538355936607781 0.9999324640356847 0.04904298890622272
0.9904939596724078 0.13752688142152333 -0.0028412565783818766 1.0100297434867116 -0.13755032632033298 0.9904314906533042 -0.01119687686111118 -0.09753377384354422 0.0012741984318858548 0.011481254667642599 0.999933276378785 0.04904236277337759
0.9904970007461763 0.13750661233939063 -0.002760991809996567 1.010051280305106 -0.13752919086581067 0.9904339177531855 -0.011241718012510123 -0.09754353477725886 0.001188769374484393 0.011514604944241499 0.9999329981055496 0.04904332782565746
0.9905037604644986 0.13745789123985205 -0.0027619995622081978 1.010054230479227 -0.13748050079499796 0.9904405216729497 -0.011255439990198537 -0.09754974621225898 0.0011884472412245677 0.011528276718982086 0.9999328409593549 0.04904340882595193
0.9904995955074043 0.13748627946235634 -0.002841524109730566 1.010164291878482 -0.13750987982525337 0.990435762911883 -0.011315144524014331 -0.09757013932090786 0.001258669977267935 0.011598383712993635 0.9999319443067778 0.049048650335663524
0.9904934014339558 0.13753094663099383 -0.0028390904494677194 1.00999181150587 -0.13755460084434445 0.9904287748464077 -0.011383046288320634 -0.09755034269101515 0.0012463957439672931 0.011665362190336365 0.9999311805432525 0.04904030847833951
0.9904901693355999 0.1375558981334673 -0.0027566897227769547 1.0099433726113602 -0.13757862084951966 0.990425132733183 -0.01140962469141199 -0.097547268635644 0.0011608336127926272 0.011680382662822019 0.9999311081900446 0.04903793966902015
