1.0 4.5232553829258346e-17 -3.4632499716936616e-19 2.2737367544323206e-13 -4.010467877723485e-18 1.0000000000000002 2.1167196961814597e-18 2.2737367544323206e-13 -2.500765431494832e-19 1.0690393216322722e-18 1.0 0.0
0.9836668726563971 0.17999841665218627 0.0002316054591432026 2.0209590914143973 -0.17999855906945406 0.9836663704721132 0.0009951558365771003 -0.19748461126096117 -4.869602647086254e-05 -0.0010205904784899502 0.9999994780117496 0.005949052804307797
0.9374074084525902 0.34823461922787396 2.343959645057538e-05 4.01193423350378 -0.3482339271900088 0.9374056755865109 -0.001931665607609467 -0.7495800133419834 -0.0006946452480876907 0.0018025951885024564 0.9999981340575412 0.016096598970964493
0.8804679777089194 0.47408946366154947 -0.003914163291080581 5.485006386305258 -0.4740808091169653 0.8803074298982615 -0.017499008341062147 -1.4244443197383134 -0.0048504284520498675 0.017262946186017907 0.9998392190911545 0.026798325229059117
0.7991101590219353 0.6011379453635877 -0.007491621452060146 7.187825937902744 -0.601127936546754 0.7991438909758972 0.003774310393299248 -2.530670535681793 0.008255764711910191 0.001487333166278804 0.9999648144755263 0.04307902145660947
0.7159956909287916 0.6980702794829335 0.006932205566885918 8.784941340839623 -0.6981023677865377 0.715932337183086 0.009693949989260457 -3.9159654803604553 0.0018040682449623911 -0.011780215540615768 0.9999289834081141 0.06251831279595521
0.6501573083184298 0.7597981516980244 0.0014977037084913112 10.281531798547121 -0.7597374017396223 0.650077571479418 0.014079469356089301 -5.510625072341782 0.009723931204033885 -0.010291731423171831 0.999899757688865 0.08428965595069471
0.6135090570012257 0.7896799548199689 0.0034936990421836293 11.716742339277062 -0.7896671166898236 0.6134551451566455 0.009931248643484901 -7.279184717490807 0.005699280327036647 -0.008851770239332276 0.999944580648039 0.10803721413186196
0.5914069982500858 0.8063267586809137 0.008655671895079646 13.145940923143144 -0.8063522250264872 0.5914349818900324 -0.000866828455735048 -9.174243359635966 -0.005818214129557713 -0.006466871876692678 0.9999621632604276 0.1332907859423358
0.5702488090084351 0.8214125926091896 0.009881726949769295 14.507387542389552 -0.8213885912326687 0.5703210792644486 -0.007392478572578945 -11.088548755531292 -0.011708032169098968 -0.0039011856765833776 0.9999238484669936 0.15865505602197771
0.544172543814609 0.8389562662527188 0.005350315283595379 15.795413633807584 -0.8388902574226235 0.5441973382864982 -0.01060155664489245 -13.029776978895825 -0.011805869715591851 0.0012807486822982727 0.9999294880755695 0.1842120119738162
0.5030815652475722 0.8641743810116479 0.01056304459839492 17.00255885893216 -0.8638604034121743 0.503185363645463 -0.023445537518664 -15.010152613701166 -0.025576202310123412 0.0026700217449299435 0.9996693097516165 0.21009500086927346
0.43709200151954125 0.8993673999929217 0.0094266663043849 18.059512357689528 -0.8987754187995288 0.43715205922230244 -0.033178663014553016 -17.011377765140878 -0.033960694477203186 0.006029672269166402 0.9994049801171463 0.23596181468165156
0.3448235466284555 0.9386399093573404 0.007200156402275739 18.89517431083027 -0.938196971134814 0.3448833979741225 -0.029015257284473846 -18.993703229721632 -0.029718092873440422 0.003249978994857359 0.999553036408023 0.2612098834584309
0.20120369879048883 0.9794987950738705 0.009959018117304414 19.45858138791027 -0.9788311926434827 0.2014350436306823 -0.03624113002710455 -21.019883809655084 -0.03750423844264236 -0.002456348171518655 0.9992934496195282 0.28650129860529105
0.016941489602374193 0.9998564823578211 -2.4841430340795044e-05 19.66695208160445 -0.9992909270801734 0.016931071339172692 -0.03363007401947925 -23.024655178190642 -0.033624826918520395 0.0005945673652833313 0.9994343487715176 0.310906874198448
-0.17810626926472486 0.9839960743709285 -0.005466486184202606 19.494907500142745 -0.9838290986219882 -0.17817743857617682 -0.018251166731980184 -24.956257588228482 -0.018933080923271076 0.0021274409588721505 0.9998184897478735 0.33376106025149355
-0.40771747205114506 0.9130546768657447 -0.009880285310186468 18.921998116392615 -0.9130245923880439 -0.4078026689307962 -0.009114653452679335 -26.817262701287063 -0.012351383682271176 0.005304740003661928 0.9999096474455197 0.35505845167567784
-0.6266081384504786 0.779328459887057 -0.0030647084192788276 17.829053280855305 -0.7793280707068744 -0.6265821796101401 0.006521533815709558 -28.574830123262473 0.003162125223477017 0.006474859463779291 0.9999740382424922 0.37419412679129493
-0.7789947627643041 0.6269940679498784 0.006752654400171912 16.263783538299094 -0.6268651177457784 -0.7789914994098701 0.014572851496324556 -30.115400267976838 0.014397351817496585 0.007119171498518468 0.9998710085095066 0.3898911030026859
-0.8434154616184448 0.5370313980090852 0.01573647531543478 14.375069313941594 -0.5367538108787191 -0.8435298505109091 0.018781315295164507 -31.445526253539356 0.02336034267980892 0.0073938386141142185 0.9996997677004986 0.40249177719220697
-0.8584291741904274 0.5125966196545483 0.018548811753567613 12.275771755350434 -0.512190915549166 -0.8585714156104199 0.022706614138293942 -32.71099095913428 0.027564813216241414 0.009991487148987437 0.9995700832142305 0.41394402078487147
-0.858187678773048 0.5130034515001829 0.018476112984842512 10.068451449706117 -0.5125675325861896 -0.8583164009299232 0.02382184781268219 -34.024850674361005 0.02807904094934267 0.01097336063402615 0.9995454731105344 0.4257850743949376
-0.8581557261777693 0.5128521564888303 0.023482231858585903 7.818306417960457 -0.5124241433840904 -0.858449279995964 0.022052912539871673 -35.34785995322113 0.03146818878463413 0.006891970630105936 0.9994809922331926 0.43765993844608175
-0.856415042132497 0.5159308797619199 0.019199034279972663 5.487041496905249 -0.5155448147987408 -0.8565853267646846 0.02179729124386544 -36.73640549882043 0.027691506700151074 0.008769565526806158 0.9995780485670669 0.45017680263243065
-0.8550325239001044 0.5181638438841079 0.020630413574677615 3.0796487512586737 -0.5177606821641405 -0.8552428161176854 0.02199094095336705 -38.17627062953102 0.029038923498304937 0.008121352740542178 0.9995452888947667 0.4631740615323672
-0.8602422373315616 0.5094129822722256 0.021947815456330882 0.6254441166786364 -0.5090609134428729 -0.8605020482108529 0.019829559491687448 -39.63873079872633 0.028987575191731577 0.005885449638153116 0.999562445256453 0.4763592706307911
-0.865739527628764 0.49992730611265535 0.023827691958516965 -1.88165675883306 -0.49945747495510034 -0.8660291332293817 0.023146729994627552 -41.08409545626046 0.03220715778522226 0.008138120232090557 0.9994480826868839 0.48924577574968353
-0.8687291689571744 0.4947414921590891 0.02324837497921412 -4.552944958411899 -0.494319008216475 -0.869008758854425 0.02173695356234654 -42.59738445806033 0.030957214326497298 0.00739141194150817 0.9994933806237305 0.5026557109422285
-0.8713293489453989 0.49025445773032295 0.020874202785612875 -7.211133117930331 -0.4898883880311305 -0.8715467596178813 0.020386590490628475 -44.075510079561354 0.028187460663360663 0.007537405065336939 0.9995742366559041 0.5156672669894959
-0.8731963936468192 0.48693482166203433 0.020555718794298412 -9.834714035848265 -0.4864690899118927 -0.8733705639467445 0.023909884810244142 -45.53446565459353 0.029595315211743134 0.010878303374468917 0.9995027662959264 0.5285103093852328
-0.8738836839749529 0.4855073465627414 0.02469662559885595 -12.456382168015807 -0.48496857926353554 -0.8741782847642324 0.02485565476451391 -46.980335185115564 0.03365685679727105 0.009743863723942375 0.9993859480252146 0.5411998454749991
-0.8693075008893644 0.49365757442022323 0.024630633670843022 -14.976259577502105 -0.4931835044121888 -0.8696208713253322 0.023012412543689124 -48.37061379185184 0.0327795648720087 0.007857440608110245 0.9994317189052436 0.5534032520643883
-0.852690686736198 0.5219233596510785 0.02268478353172146 -17.31159612392139 -0.5214805412781458 -0.8529583899160177 0.02280416935840189 -49.71629177329123 0.031251205122399824 0.007615229635764605 0.9994825513514439 0.5653989377838151
-0.8169004516273437 0.5762809485944348 0.023956636202565308 -19.356971407009496 -0.5757744682375184 -0.8172243574505854 0.02506214905555999 -51.04612446784404 0.034020785658872066 0.006679661411947032 0.9993988034146213 0.5777184797649113
-0.7515377732185196 0.659060758951261 0.028807836370274193 -21.15074006699956 -0.6583266885365133 -0.7520752140881838 0.03144588231806033 -52.443026425998596 0.042390406772024214 0.00466780085266234 0.9990902186734202 0.591288019516977
-0.6529475286880398 0.7565367584744559 0.03621681732485624 -22.59328647217808 -0.7545480493040597 -0.6538900686893448 0.05554295059573605 -53.87378894022868 0.06570210096806477 0.008939303463055994 0.9977992397180787 0.6058859260273373
-0.5032751771957239 0.8633679027304779 0.03619337720339135 -23.759261971868682 -0.8599603394100233 -0.5045172033076536 0.07701042921851455 -55.46056922180787 0.08474851420767686 0.007632568466643232 0.9963731395607728 0.622844522397056
-0.3109723049391904 0.950145568042319 0.022795286581739786 -24.55738026478366 -0.9460651019125874 -0.31175181547527353 0.0881568402961137 -57.17006331302855 0.09086830307610358 0.005848510699958303 0.995845744289074 0.641926275373855
-0.1056507723077601 0.994381375420821 0.006602615161388139 -24.952753820558428 -0.9903432981445183 -0.10581648243542756 0.08957133394803679 -58.93648845758639 0.08976673176077943 0.0029244249329382446 0.9959585240399318 0.6624043021269621
0.095839438059357 0.9953734928884745 -0.006812618253154642 -24.965114965477596 -0.9920603104373482 0.09607586105653493 0.08115275335561199 -60.69097015474199 0.08143182772981372 -0.0010191060994557168 0.9966783928907754 0.6834178604676886
