0.9999999999999999 -3.161015349600136e-17 -8.349284932283402e-19 1.1368683772161603e-13 -8.438779772620538e-18 0.9999999999999999 1.2671144459990532e-19 -1.1368683772161603e-13 -5.864788890419283e-19 -2.771962818151361e-19 1.0 8.881784197001252e-16
0.9995984847141018 0.02833411493049778 0.00021745890365868279 2.561398308710068 -0.02833463860977717 0.9995940279004898 0.0029879157495639134 -0.05508240427832334 -0.0001327106731602207 -0.002992877675165138 0.9999955125254798 0.037233443323724025
0.9986823580817646 0.05088693458875885 0.006638338979266191 5.111840873121139 -0.05095136677039033 0.9986517917546164 0.009927590317997413 -0.1767775113036123 -0.006124204476782768 -0.01025274175292613 0.9999286851601332 0.07412547546890824
0.9980770948770412 0.06192742171618192 0.002665918488942844 7.657517016644988 -0.061948470538684186 0.9980413342399375 0.008711035901732988 -0.3525432830797399 -0.002121244851808013 -0.008859434979142088 0.9999585045051255 0.11080060513250878
0.997931994173177 0.06398340416454737 0.006152966525413955 9.636232939654462 -0.06395985476298717 0.9979446509596079 -0.0039510251586615764 -0.5068526163660181 -0.0063931200711613186 0.003549311570284541 0.9999732648441824 0.13925943265367025
0.9974270634517513 0.07167811914699894 0.0012248794077138903 11.753251323333416 -0.07166466156901785 0.9973900348849734 -0.00879173443346767 -0.6833228088661372 -0.0018518575034205142 0.008681333290404636 0.9999606017619328 0.1696763947928357
0.9951664950019596 0.09800284826552853 0.006252116230307533 13.885802982353539 -0.09781263667472773 0.99487341110242 -0.025682367261842306 -0.898096042053453 -0.008737009342516772 0.02494669543803746 0.9996506024879243 0.2002156930177117
0.9917873047787494 0.1278801843171753 -0.0021448866418972558 15.863420692608628 -0.12789225645847016 0.9917632486897757 -0.00701635847580045 -1.1688841414918443 0.0012299665289185878 0.007233049654555543 0.9999730847252991 0.22834110013978925
0.9899757972732086 0.14077622995606429 0.011400609309744956 17.6145498540194 -0.1407442935344515 0.9900395773501949 -0.0035607748787631088 -1.4473934046070553 -0.011788326885709124 0.0019205102463515742 0.9999286709508989 0.2531398738715529
0.9895451465427889 0.1439821642322676 0.008339024919158711 19.30336682195258 -0.14383979859257098 0.9894763461764184 -0.015705817336683164 -1.716835017026483 -0.010512625478855581 0.0143421316531722 0.9998418814818593 0.27705391124217593
0.9890125409558177 0.14745573446487817 0.010535663507194114 20.791107321007956 -0.14731399529027503 0.9890022129814157 -0.013160908383394019 -1.9468104167011688 -0.012360445935740887 0.011464252757268544 0.9998578850441615 0.2981407843080146
0.9886820914230103 0.14928521228156733 0.01488783038153811 22.122920350310466 -0.14889925505013107 0.9885528836593902 -0.024335325233500037 -2.160393783001723 -0.01835031184852541 0.021843113394192246 0.9995929893973399 0.31699656681442434
0.9886220737285358 0.14984869523176528 0.013105871738414258 23.320105666084658 -0.14945839390940005 0.9884014946499623 -0.02691976715612431 -2.364174999008924 -0.016987755199227537 0.024654693489371 0.9995516806359906 0.33391417139245716
0.9882123047174665 0.15283235163111572 0.008872040345590684 24.387505822851352 -0.15249345477103673 0.9878190171363422 -0.030973143782680946 -2.5435745783340735 -0.01349766857589118 0.02925511371866149 0.9994808408690593 0.34900400251071506
0.9862759582317314 0.1648600919357791 0.00899356998108975 25.335596580722026 -0.16438541021021924 0.9855990587894541 -0.03964760047416352 -2.7106707756539663 -0.015400361167722795 0.03762506345864876 0.9991732499800198 0.362386041660939
0.9836627629850135 0.17989887308314495 0.0066305490043850794 26.107518661907605 -0.1793640107923976 0.9825516439156758 -0.0492018157293377 -2.8602251368554334 -0.015366208027674447 0.047208712141017864 0.9987668482427883 0.3732447034887354
0.9816772770139206 0.19023917895063003 0.01089855892861694 26.619477972158904 -0.18948601759601563 0.9806310016567614 -0.04957708871298839 -2.9611374245630486 -0.020118969410306362 0.04660357692112498 0.9987108358719357 0.38044176030105703
0.9802251584902982 0.19758032212694548 0.010984305662155934 26.920991297836835 -0.19677828061199543 0.9791016512192017 -0.05136404247347775 -3.0225480698966294 -0.020903275868965173 0.04818685389235155 0.9986195873153606 0.38467500153013257
0.9796234026645618 0.20058689202625213 0.010143357390465412 27.045722401952943 -0.19983145813721584 0.9785076436401083 -0.05089380784175469 -3.0502661645961098 -0.0201339834771027 0.047829803314752575 0.9986525585128255 0.38641991971315637
0.979740993259657 0.2000701991671213 0.008916363149115177 27.07815147538618 -0.19938682674022865 0.9786328782958149 -0.05022532071484138 -3.059365314117258 -0.018774436051200206 0.047430000249578 0.9986981103553179 0.38686842693947954
0.9797042532239755 0.20026825392602648 0.008497216265969007 27.067008708317474 -0.19960648431979103 0.9785934740186297 -0.050120495065794295 -3.058170195077423 -0.018352864417936893 0.047407162724294995 0.9987070307603163 0.3867090551346273
0.9796718952779818 0.2004294466062415 0.008427012255869754 27.065753281647844 -0.19977369044100918 0.9785673659669007 -0.04996381562871044 -3.0587478421012975 -0.018260619102995992 0.04726465061455174 0.9987154762955551 0.3866891581918459
0.9796537379881664 0.20051381427223575 0.008530177712758092 27.06561225250701 -0.19985448156279106 0.9785547388005653 -0.049887968190984414 -3.0594028676391645 -0.018350472611896665 0.04716814027451092 0.9987183920895637 0.38668531500186454
0.9796376922497209 0.2005914043361858 0.008548709263723024 27.06542507438047 -0.1999324540233461 0.9785425333343456 -0.04981490021872607 -3.0599310922845007 -0.01835771641140357 0.047091389468094706 0.998721880848778 0.3866811437874125
0.9796493291210895 0.200533652878148 0.008570065107332605 27.0653657808773 -0.1998754680845404 0.9785588949948087 -0.04972209050837389 -3.0603958330947307 -0.018357265879847092 0.04699726683418354 0.9987263227228628 0.38667901203204424
0.9796209369116462 0.2006657781801883 0.00872154984430134 27.065239251208794 -0.19999933823224791 0.9785308704569943 -0.04977549868498251 -3.06077333131509 -0.018522544938807214 0.047016816459807174 0.9987223509559469 0.38667613669332024
0.9796150713708519 0.20069448786186767 0.008719775509803292 27.065085065606823 -0.2000287361559375 0.9785266076457023 -0.04974115842288058 -3.061084610628086 -0.018515308664375955 0.04698298278370961 0.9987240773475959 0.38667303815636433
0.9796247873522811 0.20064824081668248 0.00869249458820523 27.065098056451603 -0.1999849173959351 0.978538569836987 -0.04968199025323593 -3.061379772797636 -0.01847454516724148 0.04693134132487758 0.998727260257929 0.3866724234724579
0.9796256341119959 0.20064404726810062 0.008693864879597063 27.065007148260435 -0.19998133620698005 0.9785411458121357 -0.04964565561599678 -3.061611225417778 -0.018468409772888713 0.04689554614830191 0.9987290551455446 0.386670465986636
0.9796378418960578 0.20058420562217016 0.008699148243164147 27.065016477592053 -0.19992116273738167 0.9785530291284237 -0.04965378005065864 -3.0618272260949198 -0.018472341891784816 0.04690357809921056 0.9987286052509579 0.386670013569534
0.9796155453200731 0.200696680772694 0.008615433481651436 27.06492529198944 -0.2000385981999486 0.9785322163730001 -0.049590934154757765 -3.0619918152814307 -0.018383215101091664 0.04685663076839047 0.9987324534406498 0.38666823423051033
0.9796244379661674 0.20064650490900007 0.00877157951985329 27.064872369861362 -0.19998355453769637 0.9785499958843025 -0.04946193960308833 -3.0621385809275807 -0.018507794410431006 0.046699953133101615 0.9987374909972226 0.38666706191304634
0.9796466613369603 0.2005377459227014 0.008776752906765698 27.06494296622546 -0.19987389706068434 0.9785702824927691 -0.049503812941981994 -3.062288410998349 -0.01851605263330709 0.04674200126504817 0.9987353709129445 0.3866676839943062
0.9796245202514958 0.20064194963209014 0.008866079734493056 27.064907614657614 -0.19997514405627828 0.9785532148324189 -0.04943225162590705 -3.062397329793953 -0.018594114168074806 0.046652050211860766 0.998738126402178 0.38666687124724497
0.9796220683366241 0.20065000847769268 0.008954179235064445 27.064845329388774 -0.1999834876927148 0.97856338920227 -0.049196523893681406 -3.062484398690117 -0.018633514916129468 0.04640331249884652 0.998748979829768 0.3866657249421772
0.9796218147539176 0.2006537656221849 0.008897550217719027 27.0648443763544 -0.19998966440683238 0.9785615730517642 -0.04920753882179458 -3.062570097448315 -0.018580478698951148 0.046425360398095736 0.9987489432901663 0.38666547751283753
0.9796227513145613 0.20064536509191488 0.008983461138134523 27.06484709703315 -0.19997739635776934 0.9785643810047361 -0.04920155662969108 -3.0626443260547376 -0.01866295938097361 0.04640247510585184 0.998748468960626 0.38666531495616097
0.9796169364719162 0.20067354912115287 0.008988017606643863 27.064774340389945 -0.2000076867370778 0.9785645031686316 -0.04907584318595055 -3.0626929122242927 -0.018643578611954214 0.0462778545467401 0.9987546130832592 0.3866641206829349
0.9796053758257176 0.20073211320775172 0.008940155507836988 27.064745972210147 -0.20006771456143962 0.9785503767947863 -0.049112825870072103 -3.062741736771386 -0.018606913863301783 0.04632255176403822 0.9987532247530175 0.386663573608542
0.97961139187742 0.20070753359058668 0.008832149453276804 27.064714893804577 -0.20005027150860122 0.9785596431833761 -0.048999118381419786 -3.0627822791803965 -0.018477277215988765 0.04623322066225659 0.9987597706825583 0.386663009546409
0.9796036357232574 0.2007491761958667 0.008745577994205937 27.064702604896 -0.20009874274671524 0.9785575286644597 -0.04884318013075641 -3.062820048821777 -0.01836327936278815 0.046096977675141086 0.9987681706083041 0.38666272727195006
