1.0 9.090446187750783e-18 2.2313734468791776e-18 0.0 -8.169243380162694e-19 1.0 -1.7019487391543008e-18 0.0 1.3200752609735426e-18 -6.506115677633558e-19 1.0 -8.881784197001252e-16
0.9998578064419219 0.014007973401285422 0.009388481151802228 7.6568606463708875 -0.013976758117322265 0.9998965999365709 -0.0033822577985334404 -0.09910796447320536 -0.00943488895953377 0.0032505563331149483 0.9999502071372589 0.19690802401951046
0.9996998874492041 0.022371739752010428 0.00998199852317889 14.096176086275022 -0.022390070072435694 0.9997478169573915 0.0017283665933601248 -0.25923534162348005 -0.00994081466479728 -0.0019513455352500085 0.9999486849105816 0.3619415036458449
0.9997163350387601 0.022447993248813365 0.007958458127820756 20.582304469690257 -0.02235316723951965 0.9996803751288298 -0.011810313147656747 -0.44685578404278203 -0.008221032236471896 0.01162906623013558 0.9998985845812481 0.5279815244590864
0.9996811431388456 0.023614092904591294 0.008943526647910177 27.024800932911035 -0.023536128279605422 0.9996849162051178 -0.00872461905014187 -0.6323026933569054 -0.009146732652401547 0.008511341155039497 0.9999219441304034 0.6929112897936731
0.9997022854511316 0.022459988474548026 0.009533592266552917 33.333883537895986 -0.022379489413993064 0.9997136841489414 -0.008468068192759482 -0.8353515816306754 -0.009721055361980554 0.008252190198451049 0.9999186979147731 0.8542682558074031
0.9997141434759881 0.023327098672983756 0.005241927276404876 39.57413686976497 -0.02332421477978281 0.9997277670139082 -0.000610627783636675 -1.0234977736308792 -0.005254744425450894 0.0004881893940461111 0.9999860745691097 1.0139580038147118
0.9997516278695481 0.01961901636548906 0.010572453312224173 45.67507065817858 -0.019590256981622076 0.9998041241035951 -0.0028169587921529063 -1.1936181335813671 -0.010625648384098593 0.0026091420607836286 0.9999401421955835 1.1701839920803154
0.9998341794176984 0.0174034470230577 0.0053603824352722665 51.803463077464926 -0.017480398768493968 0.9997397273328521 0.01465991989501863 -1.3418991342696245 -0.005103854134983678 -0.014751190601085346 0.9998781691030253 1.3272790101925205
0.9997937064433092 0.01990430529022258 0.004045143664093209 57.81511742925102 -0.019958615268013208 0.999704718628648 0.01386106879711745 -1.4895550876799462 -0.003768054263538159 -0.01393894481403124 0.9998957483580664 1.481365425989292
0.9998175825118075 0.017030163406054614 -0.008647267464611684 63.81785755794465 -0.016751134304092242 0.9993672978787587 0.03137520406357939 -1.621870831434535 0.009176121172244965 -0.031224629138999517 0.9994702703609349 1.6353343345639137
0.9990603442384659 0.013645010916635721 -0.04113687211252061 69.73854329874973 -0.014411721443770184 0.9997268440157181 -0.01839944671445553 -1.7378258882695263 0.04087457467844965 0.018975010710294907 0.9989840930232067 1.7873053647941575
0.9997310956996365 0.022353244608512294 -0.006169987574969622 75.65228383648025 -0.022607772869802426 0.9987384313326342 -0.044837867758128355 -1.9070676678211385 0.005159931886245436 0.0449653003403735 0.9989752233505232 1.9387060544942738
0.9995472309845904 0.030032081743863816 -0.0018458323773266458 81.55626206014256 -0.03007122478720695 0.9991770888765744 -0.02721886301682967 -2.110058866981035 0.0010268743022349117 0.027262045599359092 0.9996277939307725 2.0896070750039897
0.9996615422932628 0.025851465742902334 0.0029159181737713025 87.54129933500133 -0.025856676984094804 0.9996641041264022 0.001763852741944584 -2.332247234505303 -0.0028693405501550827 -0.0018386517067217846 0.9999941931054931 2.2424594655928773
0.9997900592883233 0.019117335846705195 -0.007373250190619065 93.50479962528948 -0.01915947496946963 0.9998002636104085 -0.005687477775803629 -2.500884244189365 0.007263048061485731 0.005827551345142538 0.9999566429491703 2.3951489696912054
0.9997863215477362 0.020000290411464058 -0.005224904736225514 99.50569416231315 -0.019910797534333606 0.9996630675240762 0.016652674556946193 -2.638718333424549 0.0055562026234027995 -0.016545084218881657 0.9998476828000334 2.549029741263726
0.9997734378005244 0.021205101829784436 -0.0018484385047297062 105.42865488384905 -0.021150090161944787 0.999440013164544 0.025929399757686294 -2.7878642182249678 0.0023972389657478392 -0.025884430494812306 0.9996620676525124 2.7008159029819825
0.9995898356703922 0.027282749690891027 -0.008707008311699776 111.42086471323853 -0.027069391859486383 0.9993514504562535 0.02374713657132882 -2.9707950236634133 0.009349248568382809 -0.02350170292306376 0.9996800795809226 2.8541415416275484
0.9994496693303229 0.030237506465068422 -0.013640076183153715 117.44759981002471 -0.029899377074311555 0.9992563440897764 0.024347197927105137 -3.166632802146978 0.01436613121461136 -0.023925969136242717 0.9996105052843407 3.0082636057039664
0.9992943228748151 0.032850858088617575 -0.01821201232717244 123.42502891364165 -0.03209585887782898 0.9986718389357678 0.04030401914877647 -3.3756374698909895 0.019511845454955573 -0.039691047346875986 0.9990214755686929 3.1610163735412806
0.9990929474333804 0.031982978706393335 -0.02811354587997134 129.457873809562 -0.03071422725838548 0.9985389766072205 0.04445838998573011 -3.5869550175693803 0.029494383072020878 -0.043554578051789326 0.9986155817420083 3.3151825340971497
0.9995035997253764 0.029515063005302777 -0.01101885619316907 135.4752456570027 -0.029023232383554816 0.9986788970066153 0.04240415847129389 -3.790317847400729 0.0122558605582357 -0.04206330621148828 0.9990397750602993 3.46900769150973
0.9992953830272525 0.02581172749379235 -0.027248709771356645 141.52473160802458 -0.024599355394448456 0.998731813533743 0.043927626270707475 -3.9912154046205615 0.02834800124515029 -0.04322637342395883 0.9986630420046683 3.6236798562347956
0.9994867624940741 0.020648276003407528 -0.024492045590368272 147.42673220624647 -0.01996595138676209 0.999414538085706 0.02778384149384552 -4.123621670668854 0.025051394858071816 -0.027280574792712533 0.999313863535698 3.775047857806119
0.9991513242587119 0.026668928095015948 -0.031391073672690235 153.32195625836562 -0.026115246302541358 0.9994983430458286 0.01791804004905648 -4.281762446493758 0.03185318104395535 -0.0170830478224719 0.9993465586744544 3.9260520793180524
0.9988625455125806 0.03261431038886727 -0.03478393206617984 159.13875539780656 -0.031562555016749996 0.9990403011805097 0.03036909181995617 -4.470424451754752 0.03574101695448279 -0.029236678590649046 0.998933329272802 4.074808035930397
0.9988292348577473 0.037356599382527216 -0.030735062649327467 164.94311737436283 -0.03630377499369781 0.9987578861075608 0.034128006961454196 -4.693375483730051 0.03197179248480892 -0.0329722522816908 0.9989447607674702 4.22299132117328
0.9985507747211853 0.04335835311424301 -0.03188108403017003 170.7493097951317 -0.0425139382882101 0.9987389380395607 0.026703907856988444 -4.936557016148072 0.032998717474235564 -0.025309817439659103 0.9991348746721956 4.37107338027249
0.9982418210615244 0.04936369577349679 -0.03280994092269893 176.5773902593478 -0.04838684647174375 0.9983801785520713 0.029928784854249962 -5.222725362372785 0.034234190107102734 -0.028288595120891474 0.9990134011182206 4.519404920990776
0.997927686480694 0.053431877400505014 -0.03585201574175412 182.4870948395204 -0.052132616042840065 0.9979821845946293 0.03624568355350231 -5.554500362346971 0.03771634791200506 -0.03430151176243118 0.9986995961704359 4.669508596346103
0.9981600389855957 0.05269489657287395 -0.029996407242356794 188.48470425309233 -0.05156504073526879 0.9979739389963003 0.037270144327326234 -5.88906542177574 0.03189957909197647 -0.03565480275339887 0.9988549203434761 4.821860754633382
0.9979249312677626 0.05629940339012944 -0.031244339201635708 194.60516340228958 -0.055165986940521335 0.9978271185070127 0.036024373094756514 -6.261411292559387 0.03320459966796208 -0.03422599523618648 0.9988623708053993 4.97710657866362
0.9980620394670499 0.05231672317463362 -0.03369162879917321 200.64211951485697 -0.051209449150332625 0.9981448858336608 0.03292991348041167 -6.6311759384211655 0.035351912149020163 -0.031140766855950047 0.9988896310138727 5.130216004277682
0.9981548959865408 0.05227332820353078 -0.03089179141166009 206.71216658310277 -0.05130924719069857 0.9981947630837918 0.031218201498709464 -6.97320975818684 0.03246790370226199 -0.029575566108126883 0.9990350950384888 5.284383076520797
0.9981133694674306 0.05327776650545894 -0.030515263173710394 212.73343723067762 -0.0521128630795323 0.9979264582949772 0.03777609477560898 -7.322280508095901 0.03246461445982295 -0.03611458751019664 0.998820196720582 5.437239509707757
0.9977808187532774 0.059020707361921616 -0.030821969932752435 218.76475696662192 -0.05774474183545144 0.9974987165851605 0.04076585828009172 -7.692938484188289 0.03315090524245386 -0.03889558475526319 0.9986932216492457 5.5901968955493535
0.9977720585516586 0.05964288063007762 -0.02989391181709348 224.744717319272 -0.05868746815212248 0.9977672527963906 0.03187930879164607 -8.055027541430263 0.031728540077908506 -0.030053885560536706 0.9990445754355682 5.741891504251685
0.9975803806346992 0.06431867623595565 -0.02639113601157512 230.7558829822301 -0.06339996798378562 0.9973991017879741 0.034285212733710546 -8.437488951558407 0.028527674850609697 -0.03252905839084703 0.999063577620474 5.894242056347339
0.9971779303530625 0.07066658717110391 -0.025345782181070118 236.66682605638005 -0.06966505072040952 0.9968298235464986 0.03843284528079803 -8.853646733632559 0.0279813495904732 -0.03655866991349296 0.9989396917378196 6.043758409361408
