1.0 1.4359424736705587e-19 2.524794196205941e-18 0.0 -1.081102995080702e-18 1.0 4.469848619086224e-20 0.0 -6.260687514809488e-19 -4.129011986083727e-20 1.0 3.552713678800501e-15
0.9719286999378973 -0.234804927172759 0.014874421414786973 3.099087409148524 0.23486445441183643 0.9720252530556713 -0.0023654758271915138 0.3275212827869609 -0.013902887860432372 0.005792546715732446 0.9998865716228452 -0.0396272553502115
0.8963164612894251 -0.4430353951976416 0.018342296030546514 6.2598545395685505 0.4429813604238463 0.8965024475183015 0.007132735150963948 1.44256331506665 -0.019603967420937597 0.001732107319081711 0.9998063233774801 -0.08026682452590705
0.8017663715486877 -0.5972134339177867 0.022512214501813083 9.32648902032588 0.597101023306378 0.8020738642378376 0.012160767782411156 3.2531054621754265 -0.025319032764430878 0.003691971655775306 0.9996726043686329 -0.11990473976718974
0.7215442800410211 -0.6922478652288532 0.012912978981605552 12.352158308278604 0.6919989680118727 0.7216430483365808 0.019202579461887977 5.7620710496191805 -0.022611506154771407 -0.0049197432435284195 0.9997322221054147 -0.15922006819651102
0.695613570311661 -0.7183347650991665 0.01081323486230532 15.437324177458095 0.718207274333833 0.6956954750066019 0.013642475922769933 8.76671491573677 -0.017322583301243435 -0.0017237474473409875 0.9998484669201168 -0.19943629564532728
0.6883963469861148 -0.7252891470445356 0.008131582600132074 18.720645603033518 0.7251134488635469 0.6884199863945973 0.0169825972594011 12.130975472599971 -0.017915237463821357 -0.0057944380118075504 0.9998227186630352 -0.24228326415477497
0.6839612938932795 -0.7295028251292822 0.004751482318800659 22.24447113301244 0.729218069277211 0.6838521523919284 0.024233058175614577 15.786883206749849 -0.02092739581139711 -0.013109607062063848 0.9996950446547339 -0.28828173024126613
0.6826011831025743 -0.7307833177471801 0.0033715470322858094 25.866103681168624 0.7305979056621944 0.682519546294068 0.019843617829301136 19.603593939344933 -0.016802531624188596 -0.011082031806686689 0.9997974112299224 -0.33557391446819906
0.6815984195335394 -0.7316683538197409 0.009220331235410857 29.2828679759225 0.7314093325088756 0.68161987472771 0.020850292446413426 23.221249990400793 -0.021540260172556242 -0.007467690063884897 0.9997400916222212 -0.38019570220390264
0.6833790874520667 -0.7300248528939163 0.0075323960594716275 33.5982927825944 0.7298197257712442 0.6833810604087488 0.018801440099115524 27.766594514334884 -0.018873015349090985 -0.007351219751194277 0.9997948633893871 -0.43654687512380264
0.6841408852155453 -0.7293416053853609 -0.0034744539707130704 37.60109828369741 0.7290372063743006 0.6837003567861822 0.03253573193278915 31.993183006460526 -0.021354177540834494 -0.024792030662118807 0.9994645337965741 -0.4888188514206071
0.6875762441492468 -0.7259346327334286 -0.016056695793282033 41.85433538659868 0.7258592593486365 0.686585052090679 0.04158487541750679 36.4089837089773 -0.019163613945838442 -0.04024767376908171 0.9990059462569345 -0.5443396342739959
0.68638071588709 -0.7270031975447939 -0.018651102325902204 46.093349737696826 0.7271137770736068 0.6855512598266977 0.03640089751339927 40.848152997981515 -0.013677282189062697 -0.03854634755295267 0.9991632054085299 -0.599685676070127
0.6855104086032042 -0.7279428082398255 -0.013219214370898735 50.34949591684426 0.7276785415898205 0.6844457955788121 0.04492096419488559 45.30327813170618 -0.02365205712784902 -0.040413127154464726 0.9989030780547316 -0.6552548286028355
0.6849764764116022 -0.72829021856544 -0.02001460228554406 54.70247576057227 0.7283791930596515 0.6839224716380495 0.041398114767115995 49.87888359208739 -0.016461405787958232 -0.0429349546454167 0.998942246473278 -0.7120937367865174
0.6873627576667268 -0.7261898854965277 -0.01344208225441903 59.04076685139307 0.7262207444983203 0.686859507191435 0.0287653896383581 54.425241342498225 -0.01165631301484528 -0.029534176529591533 0.9994958042851511 -0.7687368933272793
0.685954810719669 -0.72747281425592 -0.015789305529813686 63.396832434465296 0.7273857320837408 0.6849715012715162 0.04152155111318231 59.0016229406325 -0.01939057532778664 -0.03996682329652745 0.9990128420716325 -0.8256153869478382
0.6886748120186696 -0.7248844030413739 -0.016419668644725143 67.79561397103294 0.7248683398523441 0.6877718763937984 0.03918846668934466 63.61197308748888 -0.017114121968665325 -0.03889020788201181 0.9990969215046842 -0.883048512634943
0.690299379007381 -0.7234801472820059 -0.007952598998511183 72.27997190829524 0.7233094619381165 0.6897855871050574 0.03192594701686666 68.28161896762583 -0.017612200680681072 -0.027790651502588325 0.9994585984803199 -0.9415902713360715
0.6903070127215832 -0.7233712657360328 -0.014499658439187126 76.34232924864887 0.7233213894043395 0.689516723989256 0.037052057558242736 72.4772355154821 -0.016804636788078923 -0.03606520825633991 0.999208138945959 -0.9946130515517062
0.6895120829876661 -0.724084102849369 -0.016592149192764378 80.8835943244519 0.7242137185605121 0.6889775844060994 0.0287119841650198 77.20784033171265 -0.009358272424217233 -0.03181352207413436 0.9994500100307536 -1.0538982003861364
0.6898507144332916 -0.723747423589753 -0.017194727188121966 85.57409601640961 0.7238762513255563 0.6892414994971203 0.030811169043433062 82.09927015317783 -0.010448184662387934 -0.033701961636640534 0.9993773127398405 -1.1151331347483016
0.6894105121884072 -0.7241597395976215 -0.01748763077210845 90.3670005349602 0.7242971048408585 0.6887948973173735 0.030907820186774806 87.08146221400136 -0.010336808175986378 -0.033974416484355695 0.9993692457851999 -1.177700358294544
0.6822297771086308 -0.7309783998796138 -0.015267944712643833 95.20879183251986 0.7309790075331967 0.6814975949052909 0.03508160036383005 92.1629431484497 -0.015238824498354824 -0.03509425946994993 0.9992678175445086 -1.2409196356679253
0.6766186699249968 -0.7362761993956808 -0.00919422168435018 100.06320442876404 0.736257032352556 0.6763154963588718 0.02286769984631235 97.38702013704892 -0.01061874852967925 -0.022242023026367085 0.9996962211548861 -1.3043407471718709
0.6679049418473612 -0.7442044516992099 -0.007919768112153273 105.38340182605407 0.7441944652212161 0.6676944057597513 0.018941447971036716 103.1595386750613 -0.008808325038275291 -0.018544934300500058 0.9997892271983174 -1.3738606769163475
0.6602670063190489 -0.7508022407035887 -0.018533097985829167 110.28448068900093 0.7509921379165619 0.6597809777094638 0.02645506076834209 108.59234172825734 -0.007634733393745173 -0.031385614654096713 0.9994781908770156 -1.4379368523393765
0.6532095485617627 -0.7570742772485674 -0.012482964243232546 114.73361915208238 0.7570848557410247 0.6527836881464845 0.026381389225460544 113.61402124274491 -0.011823995742980651 -0.02668323852970332 0.9995740082186197 -1.4961301348409393
0.6464876761498116 -0.7628750163181752 -0.008682975524595038 119.66257100396615 0.7628649422375048 0.6462532771230188 0.019843933902520094 119.24358772025982 -0.009527040011753295 -0.019452796336330534 0.9997653845894607 -1.5606182125883024
0.6401720305922428 -0.7682258565455221 -0.0029672516411618603 124.4400884369602 0.768198787333391 0.6401042322322827 0.0117130276967945 124.84102208969034 -0.00709890040150549 -0.00977779183749368 0.9999269975352554 -1.6231653182356496
0.6376264307617003 -0.770333632997405 -0.004316093964867856 129.19985862326985 0.7702689519012623 0.6374737795318938 0.01768960559913577 130.50302185040368 -0.010875501414874388 -0.014603913254385266 0.9998342108502956 -1.6855045188594282
0.6337870115533702 -0.7735072334237375 -0.0007640859922421715 133.95669162102945 0.7734580791144408 0.6337349388916588 0.011942658020093139 136.2253567987858 -0.008753504375246489 -0.008160090020396601 0.9999283919821516 -1.7478235275307483
0.6302025692251966 -0.7764306734312718 -0.0003620732285085724 138.66354848590777 0.776415101341375 0.6301868314038458 0.006644391186796011 141.895807381591 -0.004930735343094858 -0.004468431519261586 0.9999778602392825 -1.8094901597590543
0.628712280700178 -0.7775313316926693 0.012880075038797716 143.79346775727754 0.7775704922527434 0.6287897087484202 0.0027625621990052846 148.16617153955292 -0.01024683729777982 0.008278309507457499 0.9999132321942199 -1.876725360883711
0.6299830841903178 -0.7765735524143562 0.007404817661627387 148.47931438102842 0.7764063501228615 0.630007911388048 0.01682887629541098 153.85792733921733 -0.017733953957080256 -0.004852759938050924 0.999830964512518 -1.9381300767025884
0.6325998546790356 -0.774458169426435 0.005653995818844032 153.2178905238843 0.77444501016024 0.6326235932450542 0.004723929256776939 159.60643558074798 -0.007235336755813068 0.0013903518880194804 0.9999728580434866 -2.0002236864202416
0.6403358142401278 -0.7679934636376123 0.012493390706126812 157.52209116516224 0.7679156926928269 0.6404530881076539 0.011195126147827701 164.75880902597316 -0.016599214364804576 0.0024252305607872977 0.9998592822688593 -2.0566054938799745
0.6484326565882477 -0.7611303318146659 0.014686996343837348 162.3793894393516 0.7611327113357054 0.6485624009952506 0.006618742330187841 170.4547385126276 -0.014563159158139266 0.006886944676125721 0.9998702337745446 -2.12019852582727
0.6611727327903661 -0.7501474191123311 0.011378357246407119 167.34978288555794 0.7501182473449904 0.6612610170195896 0.0075154753872962 176.12735446950626 -0.013161778549953885 0.003566085995302714 0.9999070209854891 -2.1852275795087763
0.6713710491057031 -0.7409000690418309 0.01811082870871644 172.42888883030014 0.7408286114842241 0.6715922380851312 0.011697613011199747 181.753874459631 -0.020829854273685847 0.005563581365745327 0.9997675548512877 -2.251630223921083
