1.0 6.6092313400221e-18 2.908425131721699e-18 -2.2737367544323206e-13 -1.520619242734589e-17 1.0 -1.282322394619799e-18 4.547473508864641e-13 6.142400510609507e-18 5.063677109407348e-18 1.0 -7.105427357601002e-15
0.9999999357831656 0.0003279997582859599 0.00014439467388520542 0.07842129914615725 -0.00032801468710619817 0.9999999408597305 0.00010337745713025431 -0.002339122217563272 -0.00014436075756471978 -0.00010342481406544799 0.9999999842316388 -0.004207333397591384
0.9999945629304572 0.0012792309985742852 -0.0030393547960763274 0.1584291744325128 -0.0012793669141768307 0.9999991806949735 -4.277476134730057e-05 -0.00418053606790636 0.0030392975871170015 4.6662978744498345e-05 0.9999953802357007 -0.00848374766417237
0.9999914302536912 0.003167105228303435 -0.002666245234198347 0.36858464540796376 -0.003167922406781123 0.9999949364214147 -0.00030232293046584705 -0.005773886642828074 0.002665274244922362 0.00031076679765442545 0.9999963998621175 -0.019621089327767294
0.9999810705289031 0.00597312001872643 -0.0014766249050076063 0.8282105959242472 -0.005975892066401577 0.999980376857827 -0.0018800567245789792 -0.006334671879130838 0.0014653661245292368 0.0018888452871544503 0.999997142478718 -0.04389325088143181
0.9999482438488567 0.009931238293932616 -0.0022091015221077886 1.5962126109441215 -0.00994603240193001 0.9999274844327959 -0.006789868581846298 -0.013063833495152721 0.002141509524987107 0.00681148895969978 0.999974508452643 -0.08462074744956283
0.9998562939872412 0.015850092153521303 0.006013813500858371 2.609019739520818 -0.015814587361543776 0.9998574976772869 -0.005906197177308081 -0.03042392909969749 -0.0061065702880033325 0.005810242442275822 0.9999644748100197 -0.1385801014443544
0.9996161661320684 0.018335292192048123 0.02076866552418758 3.9350793391506613 -0.018099145168000888 0.999770037979765 -0.011501830381497113 -0.05454824563457805 -0.020974778940694206 0.01112152049718558 0.9997181454941277 -0.2092696660280069
0.9991572388672069 0.018368275986605193 0.036707198974304245 5.288445652025075 -0.01767847490627077 0.9996626266253117 -0.019029042371351494 -0.08446963416395192 -0.03704434564474872 0.01836407813809993 0.9991448729237867 -0.28157087699141314
0.9985467350723364 0.00788431318672291 0.053312807860324794 6.664820358975703 -0.006814547241066233 0.9997723727244261 -0.020217929737512807 -0.11043941942170932 -0.05346007690115605 0.019825245081597238 0.9983731666241726 -0.35497001047741605
0.9967393188895937 -0.04408985497885318 0.06757821296432069 8.013017981091707 0.04598341736102996 0.998584648227347 -0.026725000513842807 -0.1015286742713215 -0.06630426462384388 0.029745335980742676 0.9973559843306113 -0.42585567886484554
0.9859730878632501 -0.15275735592583314 0.06724775252714135 9.328070352896248 0.1547294595408283 0.9876371003888154 -0.025134682925619586 -0.006381315237149465 -0.06257686760781883 0.03518732934049689 0.9974196646819595 -0.4924543588731929
0.9482268541040558 -0.30928931325729236 0.07215229629580083 10.54981766774631 0.31206549320995997 0.9495625353163247 -0.030759055109941532 0.28685910460103514 -0.05899967036813832 0.05168280399189343 0.9969192177242776 -0.5482994765110618
0.8651640762217946 -0.4954386608770744 0.07766372720657903 11.7901456892655 0.49830273078145176 0.8667253142122873 -0.02194580140612594 0.812754681359138 -0.056440319905494404 0.05768676635018205 0.9967380434582712 -0.5982784190466859
0.7239673719023818 -0.6855669180485866 0.07661099985068018 13.101495759099862 0.688772942433167 0.7245399727820943 -0.025172636192476693 1.7465178183351782 -0.03825020513298629 0.07099175105802204 0.9967432433124392 -0.6400023880083836
0.5455764450081633 -0.8350446613339326 0.0710405252651722 14.356950502762174 0.837900982368955 0.5451656764018294 -0.026764323613251054 3.2236638781769216 -0.016379450460669846 0.07412691043765995 0.997114293725435 -0.6627855887240877
0.39318724119467474 -0.9175600342714245 0.05905401654030796 15.4503654633711 0.9194581472859318 0.3924251402660041 -0.024479066091842493 5.247223138557501 -0.0007132680019378124 0.06392255310161797 0.9979546074114437 -0.66093732479127
0.34362517112811086 -0.9373480814191952 0.0574483770608783 16.431086644992092 0.9390990108649597 0.3432292479659169 -0.01693313713414338 7.662360311012208 -0.003845719650370266 0.05976836621912388 0.998204865165396 -0.6416183069991135
0.31533102710048505 -0.9481292998393489 0.04021410366897836 17.39644226537939 0.9489077602243052 0.314494093394066 -0.025836559491091596 10.385376457267967 0.011849300985516037 0.046306543883026983 0.998856995800582 -0.612427945699185
0.2975378834528454 -0.9540801006018753 0.034675200733585355 18.38150935325598 0.9545185708469373 0.296554629785788 -0.030816382995614004 13.384795192979709 0.019118206472345065 0.04226716442023985 0.998923410974611 -0.5761436545724514
0.28106347118554637 -0.9591319980662296 0.03269763677415792 19.232534170419058 0.9594461105911364 0.2800623560283603 -0.03206614425505304 16.146022375544135 0.02159828781809875 0.040384242240349186 0.9989507630218821 -0.5397952597913225
0.2684888238774678 -0.9627841852001754 0.03098974316333243 20.196299638631444 0.962759397738387 0.267143662206383 -0.04157650549746818 19.47727394381718 0.03175048848936266 0.04099849352594752 0.9986546099674756 -0.4926214341482371
0.2631976413116862 -0.9640906666304506 0.035442744307091406 21.21585629704009 0.9641052173873379 0.26151184719748527 -0.04596393784122857 23.075682173787754 0.035044705940815046 0.04626813473020053 0.9983141430902946 -0.4405297947868938
0.2585949735166142 -0.9649584712229221 0.04453974053653849 22.39506890856569 0.9653634316626611 0.256498598118426 -0.04776938320485251 27.35380920184116 0.034671089980435874 0.05534995915448119 0.9978648693791987 -0.3768604086716003
0.2544801765074066 -0.9660381945723283 0.04483354092857053 23.487322136177227 0.9665459315810835 0.25252909478632063 -0.04492236002766562 31.38769497638782 0.0320749420702969 0.05476552669185351 0.9979839353302984 -0.3157896399747351
0.2591765556413652 -0.964500152161914 0.050665269026444505 24.63351116159015 0.96535560463655 0.2570486987883236 -0.044883438460407564 35.60587761598822 0.03026664174760511 0.06054273640060647 0.9977066239463621 -0.2521415956962514
0.2625045260767663 -0.9637130213089101 0.04846221568255852 25.830748966482133 0.9644100167404821 0.26038197256067486 -0.04598421442226424 39.93991595573971 0.031696898899311605 0.05880851065162606 0.9977659373195212 -0.18777805150667604
0.26640929109252764 -0.9636296728610373 0.021069959689282138 27.070729562977476 0.9631602749948449 0.2653194747179032 -0.04390741403534336 44.39622765561194 0.0367202163859643 0.0319910912153212 0.9988133938786673 -0.12207181572022208
0.26707366829316104 -0.9634582478559338 0.020490493962060742 28.33599980184158 0.9625709269961301 0.2656890260661358 -0.05354018985621209 48.953563121391426 0.04613963812434619 0.034022728673680266 0.9983554415774736 -0.05472718708784896
0.26786278651733403 -0.9630494975832689 0.028021291972043092 29.622106804951045 0.9625220297420155 0.2662085737761694 -0.051810592636716606 53.577371755643526 0.042436657037038125 0.04084924053970995 0.9982637275223666 0.013474046896789105
0.26872679385475545 -0.9628274503681337 0.027371720482000466 30.99473056975353 0.9618668177657842 0.2667381092557082 -0.060522772175563434 58.427049212696375 0.05097190545456458 0.04259204019873726 0.9977914526423053 0.0837565807785694
0.2701440411588922 -0.9622553751202574 0.032966499336671305 32.43151140488226 0.9614253827398366 0.2677524375610017 -0.06300686949610411 63.49536734707817 0.0518018382868799 0.048715759588800304 0.997468467831332 0.15708767913228172
0.27147470892296577 -0.9619364307106162 0.031301528507596495 33.93929901852789 0.9614548964765576 0.26957653918892893 -0.05415691608808987 68.70954731828078 0.043657352833670046 0.04479724088200887 0.9980417039146794 0.23096408193127616
0.27064578399380773 -0.9622566082451258 0.028514548829703674 35.481611005700415 0.961817847285762 0.26903246464844444 -0.0502788385681632 74.10905417508184 0.0407098053171114 0.041033557654289024 0.9983280817933917 0.3084724638384877
0.2686479506316316 -0.9628714370401757 0.02658710878622569 37.06137572156854 0.9621900564815933 0.2669658770721037 -0.05403254285215226 79.67128042884701 0.04492854136706058 0.04009758360934731 0.998185158154197 0.3887929800357277
0.2711906673240909 -0.9622045429207206 0.024860401023329655 38.694870564276926 0.9615237831521908 0.2696398785849926 -0.05259610545817891 85.44385154401698 0.04390485609829225 0.03816743978048435 0.9983063708860074 0.47246818299688087
0.27267769541460435 -0.9615753208593105 0.031933943347075416 40.37003947088442 0.9612051523325384 0.27083687167882603 -0.052268958939396454 91.32341711149115 0.041611651646641525 0.04494765014481949 0.9981223267684665 0.5570928394555743
0.2735547722980877 -0.961227654826297 0.034773296508634595 42.09911267053212 0.9609074283357262 0.2715006857936027 -0.05426132861277197 97.31734404905319 0.04271651580081529 0.04825736431612634 0.9979211021253626 0.6422383268205039
0.271958593252859 -0.9618489042166002 0.029752462305696233 43.840339553353715 0.9615233082840917 0.27035757070105215 -0.04878228767740383 103.33495747234883 0.03887738651634717 0.041874448318173794 0.9983662050548925 0.7274394939914544
0.27085178366009494 -0.9622198603716112 0.027789415153641896 45.59795257385599 0.9616420797384391 0.2691619236320635 -0.05288070860924195 109.43865034707756 0.043403015614972396 0.04104630523108604 0.9982140948025139 0.8143091241249394
