1.0000000000000002 -1.0450498438137706e-17 -1.016683820963592e-18 -3.410605131648481e-13 2.3577263251831672e-17 1.0 -1.1323309917668856e-18 2.2737367544323206e-13 2.5436136098310397e-19 1.6863092453407506e-18 1.0 1.7763568394002505e-15
0.999836686029737 0.01806734276654303 0.0004152040831481275 4.260174319303417 -0.018067781042170165 0.9998361840035604 0.001077239718608605 -0.06239496668490574 -0.00039567320683968273 -0.0010845656067753672 0.9999993335798575 0.07208846272162894
0.9989629400483606 0.0455052693930037 -0.0015214688323574176 8.485235227512874 -0.04551555786496952 0.9989347272304016 -0.007598995023391737 -0.22192825342790456 0.0011740537373849799 0.007660364912659178 0.9999699697527064 0.14397613085315797
0.9971076835201752 0.07479991108104059 0.013462569119560858 12.650801019475693 -0.0747032807615013 0.9971772731367329 -0.007543592185296151 -0.4864457908465738 -0.013988827988750268 0.00651607564859187 0.9998809196347549 0.2152834742707288
0.9944184999788384 0.10165208430939578 0.02826129252872299 16.81213782295805 -0.10147977287834548 0.9948095597434451 -0.007469641197105153 -0.8611802239854569 -0.028873908575008676 0.004559999847542149 0.9995726605930125 0.2869634958881484
0.991401413644234 0.1251072556537032 0.038358983393952335 21.064652291999806 -0.12517627540670975 0.9921343317103318 -0.0006065616215483071 -1.367365630320137 -0.03813314961450331 -0.004200288620577442 0.999263839271684 0.3607105265126709
0.9876433390744634 0.15552962603607856 0.01926577812913531 25.381172599367176 -0.15525883900150417 0.9877623208629474 -0.014842182971095415 -2.004134900443887 -0.021338408885118846 0.011667600803936702 0.9997042259577232 0.43606288868080867
0.9844169710917066 0.17572972905409137 0.0065030264651772625 29.782925170226463 -0.17563041510767977 0.9843626841810286 -0.01356699233526942 -2.7728338634287866 -0.008785460473717983 0.01221344826397501 0.9998868172777202 0.5133839340551116
0.9820044902301589 0.18842237888606841 -0.01281359835181028 34.17652361566604 -0.18841448470159627 0.9820878921478605 0.0018314068921854853 -3.631444501776514 0.012929157839492582 0.0006158177390649517 0.9999162253139383 0.5909296740547862
0.9810269180748175 0.1932533182120251 -0.015470650040314261 38.57563486293273 -0.19311823671306894 0.9811264576680017 0.009809215701385649 -4.52791748329264 0.017074327555225106 -0.006635439991671004 0.9998322050597575 0.6687208953922532
0.9820130564329951 0.18857203114849713 -0.009536564562697702 42.88032119464708 -0.18858898493604184 0.982055690779054 -0.0009027564837661153 -5.411743349518929 0.009195202875502882 0.0026850096844940534 0.9999541184309776 0.7448689315426478
0.9822677924698521 0.18747508830699183 0.0017536079061918615 46.68119940814822 -0.1874473465513569 0.9822196614582286 -0.01039369596136906 -6.187797068369946 -0.003670987232143934 0.00988068363866966 0.999944446428687 0.8120873708373608
0.9818512149859028 0.18961727632072986 -0.0036715325702755823 49.88750201977999 -0.18963852787232444 0.9818308908630764 -0.006732792395059552 -6.835906461609284 0.002328170338322361 0.007306864424999423 0.9999705942452259 0.868764388074176
0.9814837072677708 0.19148560405118292 -0.004795394568441569 51.93880931281285 -0.19151314601735098 0.9814707529033759 -0.006154356003482469 -7.25889792832163 0.0035280689406842402 0.006958781246340398 0.9999695635833702 0.9050584686863896
0.9815675979088335 0.19103019029975318 -0.00570237928612638 53.924558420914366 -0.19108222199260586 0.9815158067109319 -0.01069138040465989 -7.661238421034113 0.003554598971924811 0.011583935886769219 0.9999265859329476 0.9401638867138917
0.9816138549713544 0.19060211338940836 -0.010250565826778212 55.312857336566196 -0.1906939011169468 0.9816094604739706 -0.008871481544881077 -7.945581354988462 0.008371129259427212 0.010663089584742337 0.9999081071355661 0.9647194787564359
0.9816430037794638 0.19002883326313358 -0.016311212692006735 56.21513799611685 -0.19018864595111823 0.9817075279585448 -0.008866143513543031 -8.131530367636742 0.014328017382453892 0.011805595206287649 0.9998276530681243 0.9806832337242977
0.9814384870780899 0.1908401136427281 -0.018935340152777046 56.948532292149935 -0.1910173590416008 0.9815538619206021 -0.008024007323280728 -8.285063628175749 0.017054753784293577 0.011492048276202005 0.9997885117362447 0.993668564142629
0.9810631591488639 0.19265214068691044 -0.020005760410515317 57.771897691210796 -0.19283247069775636 0.9812030619038979 -0.007495969251217407 -8.459121642192486 0.01818559884774311 0.011211779482629117 0.9997717639518447 1.008253711096204
0.9806143912179854 0.19463951654231482 -0.022602529423853518 58.67553383406124 -0.1948499362509052 0.9808044482782498 -0.00749243489251134 -8.650706576748235 0.020710337496052354 0.011751290898207457 0.9997164543424439 1.0242630262011811
0.9810413064597182 0.19234972010230103 -0.02365460201264984 59.70008535965624 -0.19261341489989592 0.981229647465722 -0.009404856984342229 -8.866845465611505 0.021401575185273955 0.013782746854740338 0.9996759517307238 1.0424101861504464
0.9812324545961933 0.1911817879322031 -0.025147445400802288 61.04308768202799 -0.19150175177587941 0.9814308965444685 -0.010976081937599767 -9.140752584085021 0.022582052916191656 0.015585867668421802 0.9996234949295277 1.066159926321415
0.9812035774850614 0.19103400573969576 -0.027304728190586765 62.42130185911245 -0.1914716124917889 0.9813924513527978 -0.01440409794256275 -9.422791028507845 0.024044981603447136 0.019361432766989456 0.9995233733039455 1.090536181402733
0.9814068734241742 0.18995293993871817 -0.02753959702731249 64.04798585144857 -0.19048885549886863 0.9815182148055007 -0.018330028253002655 -9.753669638213069 0.02354877335489299 0.0232352020361889 0.9994526405287142 1.1192989984769586
0.9813335376012883 0.19004790614878725 -0.02943265783792673 65.89573499070363 -0.19066327577456177 0.9814574592669306 -0.019717274665020088 -10.136952361252497 0.025139674816036864 0.024960949857011347 0.9993722768480129 1.1520006235398714
0.9810826395009938 0.1912139977873835 -0.030233450347749852 67.9589240831846 -0.19187329567790978 0.9812027558541461 -0.020634687056667725 -10.561600540711197 0.02571950379499463 0.026045325000769778 0.9993298495342485 1.1885017345659978
0.9804774717921857 0.19377666158965662 -0.033384618182215574 70.26111934196388 -0.19446378124713706 0.9807313060954668 -0.018706764213681466 -11.037989257007894 0.029116405874870684 0.02483365996884849 0.9992674938381025 1.2292415106071797
0.9796710610862094 0.197271894978346 -0.0364473801784673 72.82546943124123 -0.19806993670867082 0.9799893416806231 -0.01972790826728511 -11.572212093228472 0.031826282259233236 0.026545991110368483 0.9991408299701923 1.27463484254314
0.9788674122194038 0.20031813215950767 -0.04112463036938013 75.30695174121675 -0.20114198931177518 0.9794156180720313 -0.016939516294352076 -12.094202974145219 0.03688481300744005 0.024853430441509356 0.9990104191472176 1.3185815437007413
0.9779406939537458 0.20475696335656848 -0.041310834732130944 78.52329109609465 -0.2053741896984158 0.9786188621820968 -0.011250101650189234 -12.785373121866769 0.038124025430005114 0.01948611142371278 0.9990830046330473 1.3756012680477827
0.9774203013095688 0.20863970107100444 -0.03345190166369724 81.64486725493083 -0.20912011816537468 0.9778219619860579 -0.011531991859152465 -13.479808037603561 0.030303972782714232 0.018267068586441126 0.9993737956534815 1.4310362011916098
0.976910101468084 0.21072617459361379 -0.035229717438011385 84.96781746378892 -0.21111658530395946 0.9774304523837399 -0.0077135052029238035 -14.231734850058274 0.0328091612086667 0.014972978797199193 0.9993494728305632 1.4900983967879196
0.9768629031636957 0.2111518411713637 -0.033967166389648834 88.43774942962776 -0.21159270172616682 0.9773076489139748 -0.00991402796358976 -14.992848900271156 0.031103006266601084 0.016871850644926384 0.9993737757500933 1.5516760788877395
0.9765863074999437 0.21298462893482042 -0.03027757984257678 92.10422949157933 -0.2133805105035304 0.97691306058054 -0.010470425226121498 -15.82507718314514 0.027348523559408065 0.016685919353152685 0.9994866874323348 1.6168545210685075
0.9766013826620854 0.2130833737163886 -0.029072585508486366 95.89386080747025 -0.21343264804165918 0.976912016773968 -0.009456015680342173 -16.705131075186046 0.02638643841884663 0.015439796898390314 0.9995325750266012 1.6843022562151493
0.9774293556144321 0.209485690271954 -0.02734228144173645 100.52451763974256 -0.20987605658712025 0.9776511913115526 -0.012255162118138646 -17.757662460690426 0.024163932928976416 0.0177170454191695 0.9995510045250414 1.7666265648872344
0.9775210074312626 0.2092384834292121 -0.025921749223651563 103.69074816664227 -0.20954777529681065 0.9777490710357869 -0.009822624741578832 -18.482505632900484 0.023289695118825723 0.015033666914625396 0.9996157156429532 1.8229369758686786
0.9778155111391225 0.20748358246771437 -0.028764373487056846 107.67784272425695 -0.20757320190742323 0.9782194785744277 -0.0001326177874612987 -19.361325102235696 0.02811035442038739 0.006100388835201984 0.9995862110045449 1.8937094588469527
0.9773535846903593 0.21006251264453463 -0.025567778049121852 111.71071782970498 -0.21053720032287107 0.9774286901710687 -0.017528345919548237 -20.272499101436324 0.021308631422774903 0.02251436012710178 0.9995194074228648 1.9653842500708745
0.9780030058749225 0.20601792072659894 -0.032660937511102654 115.76734254209373 -0.20631832486668547 0.9784660699781469 -0.006074432131813562 -21.17850268038228 0.030706177290899396 0.012679362799763077 0.9994480298820799 2.037438690498039
